data_CC = [
                   0
            0.006958
            0.020645
             0.04504
            0.056962
            0.056917
            0.065429
            0.066608
            0.069161
            0.078701
            0.078853
             0.08036
            0.099971
            0.111863
            0.126394
             0.12608
            0.132783
            0.135009
            0.135322
            0.138292
            0.139123
             0.13842
            0.141447
            0.132771
            0.146237
            0.149716
            0.152137
            0.162995
            0.164896
             0.17838
            0.188314
            0.206554
            0.219328
            0.213637
            0.212041
            0.204023
            0.190252
            0.189144
            0.188599
            0.169081
             0.17273
            0.184178
            0.192616
            0.198053
            0.212971
            0.217334
            0.222934
            0.231572
            0.238984
            0.239692
            0.244277
            0.254758
            0.256107
            0.272905
            0.272682
            0.276113
            0.276845
            0.272247
            0.277533
            0.275252
            0.269413
            0.242938
            0.249621
            0.259396
            0.260179
             0.25712
            0.257705
            0.246724
            0.250343
            0.250817
            0.255569
            0.270552
            0.277646
            0.294743
            0.309513
            0.322289
            0.326709
            0.338403
            0.343449
              0.3535
            0.367955
            0.374636
            0.390808
            0.390118
             0.39348
            0.401269
            0.415615
            0.419041
            0.415982
            0.426663
            0.435169
            0.435156
            0.448935
            0.453767
            0.459647
            0.469078
            0.469999
            0.472516
            0.479715
            0.482059
            0.482143
            0.483378
            0.485169
            0.475277
             0.46889
            0.475553
            0.477435
            0.473794
            0.487943
            0.491424
            0.498642
            0.507148
            0.508186
            0.514706
            0.522938
            0.528961
            0.537626
            0.542584
            0.547031
             0.55418
            0.554343
            0.560513
            0.566602
            0.570675
            0.577337
            0.585635
             0.58916
            0.594418
            0.600528
            0.602989
             0.61667
            0.624164
             0.63288
            0.646153
            0.655347
            0.665746
            0.671929
            0.684718
             0.69217
            0.701502
             0.70339
             0.70658
            0.713002
             0.71838
             0.71996
            0.719507
            0.720704
            0.734333
             0.73528
             0.73864
            0.741176
            0.741585
            0.739564
            0.745472
            0.756322
            0.758498
            0.769633
            0.774134
            0.780573
             0.78774
            0.791762
            0.799275
            0.805573
            0.804047
            0.813315
            0.816759
            0.820505
            0.827531
];

data_DP = [
            -0.00507
           -0.008271
           -0.005197
           -0.006458
            -0.00572
            0.001315
           -0.001193
             0.00271
            -0.00405
           -0.003258
           -0.000318
            0.000273
            0.001212
            0.002121
           -0.002154
            0.004838
             0.00221
            0.002302
            0.001212
            0.001229
             0.00176
            0.005418
           -0.004388
            0.005494
            0.001227
            0.002958
            0.000431
           -0.004964
            0.003099
           -0.004642
           -0.002643
           -0.003234
           -0.003378
            0.002035
             0.00338
            0.013841
            0.012101
            0.026672
            0.021334
            0.020456
            0.023205
            0.006421
            0.007314
            0.005506
            0.002312
             0.00168
             0.00529
             0.00844
            0.005339
            0.007222
            0.004146
            0.008849
            0.003099
            0.008985
            0.009844
            0.011004
            0.006743
            0.018819
            0.011956
            0.010425
            0.016145
            0.018784
            0.006427
             0.01238
            0.021843
            0.010738
            0.011826
            0.009008
            0.003937
            0.002783
            0.003143
            0.001589
           -0.004481
           -0.005948
            0.000332
           -0.003186
           -0.002147
           -0.000553
            -0.00121
           -0.004149
            0.001983
           -0.003352
           -0.002975
           -0.006019
           -0.004205
           -0.006904
           -0.006027
           -0.001803
           -0.004197
           -0.003928
           -0.000465
           -0.005202
           -0.001123
           -0.001005
            0.000983
           -0.001252
            0.000825
            0.001823
            -0.00229
           -0.004152
            0.001973
            0.002285
           -0.000399
           -0.000392
            0.002096
           -0.003677
           -0.001391
            -0.00589
            -0.00443
           -0.005314
           -0.004899
           -0.003476
           -0.001762
           -0.004687
           -0.005136
           -0.005172
           -0.004984
           -0.004769
           -0.001277
           -0.005499
           -0.004363
           -0.005492
           -0.006052
           -0.007058
            -0.00513
           -0.005669
           -0.005271
           -0.004331
            -0.00312
           -0.005501
           -0.006374
           -0.006591
           -0.008037
           -0.008776
           -0.006274
           -0.008196
           -0.005941
           -0.005221
           -0.005631
            -0.00576
            -0.00101
           -0.004711
           -0.005558
            -0.00586
           -0.002839
           -0.002358
           -0.007365
           -0.005419
           -0.009166
           -0.004214
           -0.006853
           -0.005254
           -0.004276
           -0.008182
           -0.005891
           -0.006322
           -0.000276
           -0.001604
           -0.003233
           -0.000111
           -0.000961
             -0.0029
           -0.000558
           -0.001051
           -0.002042
           -0.000813
           -0.007045
            -0.00781
];

