Starting Dynare (version 4.4.3).
Starting preprocessing of the model file ...
Found 32 equation(s).
Evaluating expressions...done
Computing static model derivatives:
 - order 1
Computing dynamic model derivatives:
 - order 1
Processing outputs ...done
Preprocessing completed.
Starting MATLAB/Octave computing.

MODEL SUMMARY

  Number of variables:         32
  Number of stochastic shocks: 8
  Number of state variables:   5
  Number of jumpers:           0
  Number of static variables:  27


MATRIX OF COVARIANCE OF EXOGENOUS SHOCKS

Variables      epsilon_r    epsilon_pi   epsilon_y   epsilon_tau   epsilon_v      eta_4        eta_8        eta_16   
epsilon_r     10000.000000     0.000000     0.000000     0.000000     0.000000     0.000000     0.000000     0.000000
epsilon_pi        0.000000 10000.000000     0.000000     0.000000     0.000000     0.000000     0.000000     0.000000
epsilon_y         0.000000     0.000000 10000.000000     0.000000     0.000000     0.000000     0.000000     0.000000
epsilon_tau       0.000000     0.000000     0.000000 10000.000000     0.000000     0.000000     0.000000     0.000000
epsilon_v         0.000000     0.000000     0.000000     0.000000 10000.000000     0.000000     0.000000     0.000000
eta_4             0.000000     0.000000     0.000000     0.000000     0.000000 10000.000000     0.000000     0.000000
eta_8             0.000000     0.000000     0.000000     0.000000     0.000000     0.000000 10000.000000     0.000000
eta_16            0.000000     0.000000     0.000000     0.000000     0.000000     0.000000     0.000000 10000.000000

POLICY AND TRANSITION FUNCTIONS
                               output          y_4_a           P_y_4_a         inflation       y_8_a           P_y_8_a         r_a             y_12_a          P_y_12_a        v               y_16_a          P_y_16_a        tau             y_20_a          P_y_20_a 
g_r(-1)                    -0.964600        0.886725               0        0.530000        0.088400               0        2.294495       -0.181378               0               0       -0.250649       -0.002490               0       -0.242337               0
g_pi(-1)                    0.045900        0.363389               0        3.414800        0.307280               0        0.259555        0.213504               0               0        0.124659       -0.014419               0        0.090385               0
g_y(-1)                     1.012800        0.386825               0       -0.004000        0.404608               0        0.239629        0.355486               0               0        0.282401       -0.013886               0        0.244677               0
tau(-1)                            0        3.990010               0        3.996000        3.982042               0        3.996000        3.974095               0               0        3.964191       -0.001978        0.999000        3.958265               0
v(-1)                       0.025000        0.252830        0.084507       -0.085200        0.285307        0.140038        0.118948        0.256206        0.152224        0.900100        0.204057        0.133487               0        0.176152        0.127868
epsilon_r                          0        0.004191        0.000562               0        0.002778        0.000932        0.005993        0.001944        0.001013        0.005988        0.001332        0.000860               0        0.001100        0.000851
epsilon_pi                 -0.000589        0.000142       -0.000230        0.010400       -0.000125       -0.000381        0.000293       -0.000293       -0.000414       -0.002449       -0.000368       -0.000397               0       -0.000369       -0.000348
epsilon_y                   0.007700        0.001031       -0.000642               0        0.000933       -0.001063        0.000919        0.000788       -0.001156       -0.006835        0.000630       -0.001119               0        0.000554       -0.000971
epsilon_tau                 0.001150        0.004985       -0.000011        0.002670        0.005027       -0.000018        0.004902        0.005023       -0.000019       -0.000113        0.004988       -0.000026        0.001200        0.004962       -0.000016
epsilon_v                          0        0.002799        0.000939               0        0.003139        0.001556        0.001325        0.002804        0.001691        0.010000        0.002221        0.001483               0        0.001912        0.001421
eta_4                              0        0.001600               0               0               0               0               0               0               0               0               0               0               0               0               0
eta_8                              0               0               0               0        0.000800               0               0               0               0               0               0               0               0               0               0
eta_16                             0               0               0               0               0               0               0               0               0               0        0.000400               0               0               0               0


THEORETICAL MOMENTS

VARIABLE       MEAN    STD. DEV.   VARIANCE 
output          0.0000     2.2644     5.1276
y_4_a           0.0000    10.7912   116.4500
P_y_4_a         0.0000     0.2959     0.0876
inflation       0.0000    11.0344   121.7582
y_8_a           0.0000    10.7490   115.5401
P_y_8_a         0.0000     0.4904     0.2405
r_a             0.0000    10.8290   117.2673
y_12_a          0.0000    10.7130   114.7674
P_y_12_a        0.0000     0.5331     0.2841
v               0.0000     3.1520     9.9349
y_16_a          0.0000    10.6745   113.9456
P_y_16_a        0.0000     0.4935     0.2435
tau             0.0000     2.6840     7.2036
y_20_a          0.0000    10.6538   113.5035
P_y_20_a        0.0000     0.4478     0.2005



VARIANCE DECOMPOSITION (in percent)

             epsilon_r    epsilon_pi   epsilon_y   epsilon_tau   epsilon_v      eta_4        eta_8        eta_16   
output             19.05         1.93        69.27         1.71         8.03         0.00         0.00         0.00
y_4_a               0.31         0.01         0.29        99.05         0.32         0.02         0.00         0.00
P_y_4_a            19.02         3.18        24.77         0.01        53.03         0.00         0.00         0.00
inflation           0.28         3.91         1.22        94.00         0.59         0.00         0.00         0.00
y_8_a               0.13         0.02         0.14        99.38         0.32         0.00         0.01         0.00
P_y_8_a            19.02         3.18        24.77         0.01        53.03         0.00         0.00         0.00
r_a                 0.63         0.01         0.47        98.68         0.21         0.00         0.00         0.00
y_12_a              0.06         0.02         0.08        99.60         0.24         0.00         0.00         0.00
P_y_12_a           19.02         3.18        24.77         0.01        53.03         0.00         0.00         0.00
v                  19.02         3.18        24.77         0.01        53.03         0.00         0.00         0.00
y_16_a              0.03         0.02         0.04        99.77         0.15         0.00         0.00         0.00
P_y_16_a           18.70         3.22        28.54         0.04        49.51         0.00         0.00         0.00
tau                 0.00         0.00         0.00       100.00         0.00         0.00         0.00         0.00
y_20_a              0.02         0.02         0.03        99.83         0.11         0.00         0.00         0.00
P_y_20_a           19.02         3.18        24.77         0.01        53.03         0.00         0.00         0.00



MATRIX OF CORRELATIONS

Variables     output     y_4_a     P_y_4_a   inflation    y_8_a     P_y_8_a      r_a       y_12_a    P_y_12_a      v        y_16_a    P_y_16_a     tau       y_20_a    P_y_20_a 
output          1.0000     0.0649    -0.6742     0.0828     0.0537    -0.6742     0.0736     0.0456    -0.6742    -0.6742     0.0392    -0.7102     0.0222     0.0367    -0.6742
y_4_a           0.0649     1.0000     0.0218     0.9685     0.9995     0.0218     0.9993     0.9989     0.0218     0.0218     0.9982     0.0048     0.9952     0.9979     0.0218
P_y_4_a        -0.6742     0.0218     1.0000    -0.1189     0.0263     1.0000     0.0110     0.0247     1.0000     1.0000     0.0201     0.9984    -0.0016     0.0174     1.0000
inflation       0.0828     0.9685    -0.1189     1.0000     0.9665    -0.1189     0.9708     0.9658    -0.1189    -0.1189     0.9658    -0.1343     0.9689     0.9660    -0.1189
y_8_a           0.0537     0.9995     0.0263     0.9665     1.0000     0.0263     0.9981     0.9998     0.0263     0.0263     0.9994     0.0103     0.9969     0.9992     0.0263
P_y_8_a        -0.6742     0.0218     1.0000    -0.1189     0.0263     1.0000     0.0110     0.0247     1.0000     1.0000     0.0201     0.9984    -0.0016     0.0174     1.0000
r_a             0.0736     0.9993     0.0110     0.9708     0.9981     0.0110     1.0000     0.9972     0.0110     0.0110     0.9963    -0.0066     0.9934     0.9960     0.0110
y_12_a          0.0456     0.9989     0.0247     0.9658     0.9998     0.0247     0.9972     1.0000     0.0247     0.0247     0.9999     0.0096     0.9980     0.9997     0.0247
P_y_12_a       -0.6742     0.0218     1.0000    -0.1189     0.0263     1.0000     0.0110     0.0247     1.0000     1.0000     0.0201     0.9984    -0.0016     0.0174     1.0000
v              -0.6742     0.0218     1.0000    -0.1189     0.0263     1.0000     0.0110     0.0247     1.0000     1.0000     0.0201     0.9984    -0.0016     0.0174     1.0000
y_16_a          0.0392     0.9982     0.0201     0.9658     0.9994     0.0201     0.9963     0.9999     0.0201     0.0201     1.0000     0.0059     0.9988     1.0000     0.0201
P_y_16_a       -0.7102     0.0048     0.9984    -0.1343     0.0103     0.9984    -0.0066     0.0096     0.9984     0.9984     0.0059     1.0000    -0.0135     0.0035     0.9984
tau             0.0222     0.9952    -0.0016     0.9689     0.9969    -0.0016     0.9934     0.9980    -0.0016    -0.0016     0.9988    -0.0135     1.0000     0.9991    -0.0016
y_20_a          0.0367     0.9979     0.0174     0.9660     0.9992     0.0174     0.9960     0.9997     0.0174     0.0174     1.0000     0.0035     0.9991     1.0000     0.0174
P_y_20_a       -0.6742     0.0218     1.0000    -0.1189     0.0263     1.0000     0.0110     0.0247     1.0000     1.0000     0.0201     0.9984    -0.0016     0.0174     1.0000



COEFFICIENTS OF AUTOCORRELATION

Order          1       2       3       4       5   
output       0.9332  0.8586  0.7800  0.7006  0.6227
y_4_a        0.9973  0.9949  0.9926  0.9904  0.9883
P_y_4_a      0.9001  0.8102  0.7292  0.6564  0.5908
inflation    0.9948  0.9899  0.9853  0.9808  0.9765
y_8_a        0.9979  0.9959  0.9940  0.9922  0.9904
P_y_8_a      0.9001  0.8102  0.7292  0.6564  0.5908
r_a          0.9969  0.9939  0.9911  0.9885  0.9861
y_12_a       0.9983  0.9966  0.9950  0.9934  0.9919
P_y_12_a     0.9001  0.8102  0.7292  0.6564  0.5908
v            0.9001  0.8102  0.7292  0.6564  0.5908
y_16_a       0.9985  0.9971  0.9957  0.9944  0.9931
P_y_16_a     0.9063  0.8211  0.7436  0.6731  0.6090
tau          0.9990  0.9980  0.9970  0.9960  0.9950
y_20_a       0.9986  0.9973  0.9960  0.9947  0.9935
P_y_20_a     0.9001  0.8102  0.7292  0.6564  0.5908
Total computing time : 0h00m02s
Note: warning(s) encountered in MATLAB/Octave code
