%--------------------------------------
% AWM parameters as they appear in TROLL
% Here, HICP__CST is HICP.CST in TROLL and so on
% This file is called from AWM_par
%--------------------------------------


BETA        =   0.413895;;%ORIGINALLY: %;

DELTA       =   0.01;%ORIGINALLY: .01;

HICP__CST    =   0.366631;

HICP__D1     =   0.003353;

HICP__D11    =   0.000706;

HICP__LHICPMTD   = -0.005347;


HICP__LHICPPCD   = -0.047578;


HICP__LHICPULC   = -0.026598;


ITD__CST     =   0.004648;


ITD__DDLMTD  =   0.111071;


ITD__DDLYFD  =   -0.368482;


ITD__DLITDMTD1   = -0.116393;


ITD__DLITDMTD5   = 0.047888;


ITD__DLITDMTD6   = 0.037784;


ITD__DLITDYFD1   = 0.313957;


ITD__DLITDYFD4   = 0.207904;


ITD__DLITDYFD7   = 0.16902;


ITD__ECM1    = -0.052662;


ITD__ECM2    = -0.012261;


ITR__ADJ = 0.01231;


ITR__D894    =   0.020823;


ITR__DITY1   =   0;


ITR__ECM     =   1.28;


LNN__D841    =   -0.004429;


LNN__D872    =   0.004483;


LNN__DLLNT   =   0.692276;


LNN__DLWRRADJ=   -0.120938;


LNN__DLWRRADJ1=  -0.125018;


LNN__DLYERADJ=    0.180177;


LNN__ECM     =   -0.081495;


LSR__CST     =   -0.000243;


LSR__DLSR1   =   0.737271;


LSR__DLSTR   =   -0.146929;


LSR__ECM     =   -0.03475;


LSR__DYER1  =   0.31435;


LSR__DYER2  =   0;


LTN__CST     =   0.043275;


LTN__DDSTN   =   -0.511084;


LTN__DLTNSTN1=    0.572504;


LTN__LTNSTN1 =   -0.062762;


MEAN__LSX    =   0.707177;


MTD__CST     =   -0.050886;


MTD__DLCOMPR =   0.099;


MTD__DLCOMPR1=    0.036614;


MTD__DLMTD1  =   0.288208;


MTD__DLYWDX =    0.572207;


MTD__ECM     =   -0.044124;


MTD__ECM1    =   0;


MTD__ECM2    =   0;


MTR__CST     =   -0.158258;


MTR__D743    =   0.016717;


MTR__DLFDD   =   2.021422;


MTR__ECM     =   -0.086131;


MTR__ECM__LMTDYED =   -0.285416;


MTR__ECM__TIME=       0.003407;


NFN__NFA     =   0.005;


NFN__NFN     =   0.8;


PCD__CST     = 0.001263;


PCD__DI82Q1  = -0.003529;


PCD__DI92Q4  =   -0.002979;


PCD__DLCOMPREEN =     0.004465;


PCD__DLMTD =  0.071909;


PCD__DLMTD1 = 0.02538;


PCD__DLPCD4 = 0.188246;


PCD__DLYED  = 0.445458;


PCD__DLYED1 = 0.226345;


PCD__ECM = -0.060559;


PCD__ECM__LMTD =   0.059249;


PCD__ECM__LYED  =  0.940751;


PCD__I77Q4I78Q1 = -0.003981;


PCR__CST = -0.19034;


PCR__DLPYR =  0.650993;


PCR__DLSTR  = -0.352136;


PCR__DURX  =  -0.724807;


PCR__ECM     = -0.066069;


PCR__ECM__LPYR  =  -0.10402;


PCR__ECM__LWLR   = -0.055317;


PCR__I93Q1  = -0.008872;


PCR__LPYR   = 0.801488;


PCR__LWLR   = 0.198512;


TDN__GLN     =   -0.2;


WRN__DDLPCD  = -0.919736;


WRN__DDLPCD1 = -0.571055;


WRN__DDLPCD2 = -0.470158;


WRN__DDLPCD3 = -0.334405;


WRN__DDLPROD = -0.562628;


WRN__DDLPROD1  =  -0.456273;


WRN__DDLPROD2  =  -0.399817;


WRN__DDLPROD3  =  -0.261245;


WRN__DDLPROD4 =   0;


WRN__DLWRCQ4 = 0.273892;


WRN__ECM = 0.1;


WRN__I81Q1 =  -0.004171;


WRN__I84Q2  = -0.012449;


WRN__I98Q1   = -0.009334;


WRN__INFT   = 0.2;


WRN__LURX_GAP1  = -0.014744;


XTD__CST     = -0.004465;


XTD__DLEEN  = 0.119249;


XTD__DLMTD  = 0.21966;


XTD__DLXTD1 = 0.236281;


XTD__DLYED  = 0.72061;


XTD__ECM     =-0.034589;


XTD__ECM1    =0;


XTD__ECM2    =0;


XTD__ECM3    =0;


XTR__CST     =0.222518;


XTR__DLXTDYWDX1 = -0.377152;


XTR__DLXTRYWRX7 = 0.15641;


XTR__ECM     =   -0.121453;


XTR__LXTDYWDX1   =-0.097625;


XTR__TIME        =0.000989;


YFD__CST     =0.00392;


YFD__DLMTD1  =   0.031486;


YFD__DLULT   =   0.246086;


YFD__DLULT1  =   0.083541;


YFD__DLULT2  = 0.155765;


YFD__DLYFD1  = 0.229684;

YFD__ECM =   -0.045006;


YFD__INFT    = 0.2;


YFD__LYGA    =0.03*2;

URTBAR      = 0.09104;


