IRF=[
    0.050873	-0.072238	0.032963	-0.16688	-0.067032	-0.37477	-0.12019	0.058639	-0.23519	-0.12845	0.068109	-0.84974	1.1771	0.029922	0.080271	0.045406	-0.56649	0.31915	-0.62936	-0.79627
0.022774	-0.02234	0.012376	0.0052984	-0.15459	-0.10058	-0.05841	0.032042	-0.0051514	-0.22021	0.036593	-0.77228	1.1166	0.00050482	0.16013	0.024395	-0.51485	0.28016	-0.18182	-0.62049
0.00062059	-0.0098382	0.0098672	0.018905	-0.18849	-0.036469	-0.039953	0.026951	0.018679	-0.25095	0.018216	-0.68147	1.063	-0.0074622	0.21966	0.012144	-0.45432	0.24584	-0.056078	-0.47592
-0.0038568	-0.011291	0.01179	0.01389	-0.19935	-0.015329	-0.038235	0.027307	0.015092	-0.25645	0.0091075	-0.59936	1.0153	-0.0074655	0.25869	0.0060717	-0.39957	0.21544	-0.019314	-0.36014
-0.0032482	-0.013404	0.013388	0.0081439	-0.19647	-0.0069137	-0.03774	0.027538	0.0090832	-0.24741	0.0046154	-0.52802	0.97377	-0.0053291	0.27926	0.003077	-0.35201	0.18915	-0.0075747	-0.26962
-0.0020021	-0.013932	0.013949	0.004342	-0.1842	-0.0032216	-0.035815	0.026793	0.0048878	-0.22871	0.0023594	-0.46698	0.93801	-0.0032855	0.28396	0.0015729	-0.31132	0.1667	-0.0033187	-0.20075
-0.0010966	-0.013229	0.013741	0.0022042	-0.16653	-0.0015225	-0.032817	0.025351	0.0024889	-0.20477	0.0012084	-0.41482	0.90721	-0.0018692	0.27653	0.00080559	-0.27655	0.14754	-0.0015627	-0.14946
-0.00056665	-0.011913	0.013117	0.0010892	-0.1468	-0.00072349	-0.029404	0.023592	0.0012303	-0.17925	0.0006171	-0.37001	0.88052	-0.0010133	0.26097	0.0004114	-0.24668	0.13113	-0.00076431	-0.11169
-0.00028357	-0.010407	0.012327	0.00053013	-0.12727	-0.00034452	-0.02602	0.02178	0.00059835	-0.1546	0.00031354	-0.33123	0.85723	-0.00053264	0.24077	0.00020902	-0.22082	0.11697	-0.00038001	-0.083959
-0.00013932	-0.0089408	0.011518	0.00025589	-0.1092	-0.0001642	-0.022889	0.020062	0.00028841	-0.13211	0.00015839	-0.2974	0.83672	-0.00027438	0.21854	0.00010559	-0.19826	0.10467	-0.00018991	-0.063521
-6.77E-05	-0.0076154	0.010762	0.00012297	-0.093117	-7.83E-05	-0.020096	0.018501	0.00013837	-0.1123	7.96E-05	-0.26769	0.81853	-0.00013941	0.19604	5.30E-05	-0.17846	0.09391	-9.49E-05	-0.048351
-3.27E-05	-0.0064623	0.010086	5.90E-05	-0.079141	-3.74E-05	-0.017649	0.017116	6.62E-05	-0.095186	3.98E-05	-0.24147	0.80229	-7.01E-05	0.17434	2.65E-05	-0.16098	0.084439	-4.73E-05	-0.036998
-1.57E-05	-0.0054793	0.0094987	2.83E-05	-0.067155	-1.78E-05	-0.015526	0.015903	3.17E-05	-0.080585	1.98E-05	-0.2182	0.78769	-3.50E-05	0.15404	1.32E-05	-0.14547	0.076065	-2.35E-05	-0.028434
-7.57E-06	-0.0046501	0.0089934	1.35E-05	-0.056954	-8.53E-06	-0.013689	0.014845	1.52E-05	-0.068206	9.82E-06	-0.19749	0.77451	-1.74E-05	0.13543	6.55E-06	-0.13166	0.068632	-1.17E-05	-0.021928
-3.63E-06	-0.0039537	0.0085614	6.49E-06	-0.048304	-4.08E-06	-0.012101	0.013924	7.25E-06	-0.057746	4.85E-06	-0.17898	0.76256	-8.62E-06	0.11861	3.24E-06	-0.11932	0.06201	-5.76E-06	-0.016957
-1.74E-06	-0.0033698	0.0081926	3.11E-06	-0.040984	-1.95E-06	-0.010724	0.013122	3.47E-06	-0.048917	2.39E-06	-0.1624	0.75167	-4.25E-06	0.10356	1.60E-06	-0.10827	0.056096	-2.84E-06	-0.013142
-8.38E-07	-0.0028798	0.0078775	1.49E-06	-0.034793	-9.35E-07	-0.0095289	0.012421	1.66E-06	-0.041467	1.18E-06	-0.14752	0.74172	-2.09E-06	0.090193	7.85E-07	-0.098346	0.050801	-1.40E-06	-0.010203
-4.02E-07	-0.002468	0.0076073	7.16E-07	-0.029554	-4.48E-07	-0.0084874	0.011807	7.98E-07	-0.035178	5.78E-07	-0.13413	0.73259	-1.03E-06	0.078385	3.85E-07	-0.089418	0.046049	-6.86E-07	-0.0079317
-1.93E-07	-0.0021211	0.007375	3.44E-07	-0.02512	-2.15E-07	-0.0075771	0.011267	3.83E-07	-0.029864	2.83E-07	-0.12205	0.72418	-5.04E-07	0.068002	1.89E-07	-0.081369	0.041778	-3.36E-07	-0.0061735
-9.29E-08	-0.0018282	0.0071743	1.65E-07	-0.021363	-1.03E-07	-0.0067789	0.010791	1.84E-07	-0.02537	1.39E-07	-0.11115	0.71642	-2.47E-07	0.058905	9.25E-08	-0.074101	0.037932	-1.65E-07	-0.0048096
-4.47E-08	-0.0015802	0.0070001	7.95E-08	-0.018178	-4.96E-08	-0.0060769	0.01037	8.83E-08	-0.021567	6.78E-08	-0.10129	0.70923	-1.21E-07	0.050959	4.52E-08	-0.06753	0.034463	-8.04E-08	-0.0037501
-2.15E-08	-0.0013695	0.0068483	3.83E-08	-0.015476	-2.39E-08	-0.0054577	0.0099956	4.24E-08	-0.018344	3.31E-08	-0.092369	0.70256	-5.89E-08	0.044035	2.21E-08	-0.06158	0.031332	-3.93E-08	-0.0029261
-1.03E-08	-0.0011902	0.0067152	1.84E-08	-0.013182	-1.15E-08	-0.0049099	0.0096624	2.04E-08	-0.015612	1.61E-08	-0.084278	0.69634	-2.87E-08	0.038014	1.08E-08	-0.056185	0.028501	-1.92E-08	-0.0022845
-4.98E-09	-0.001037	0.0065979	8.87E-09	-0.011232	-5.52E-09	-0.0044241	0.0093647	9.82E-09	-0.013293	7.87E-09	-0.076935	0.69053	-1.40E-08	0.032787	5.25E-09	-0.05129	0.02594	-9.33E-09	-0.0017846
-2.40E-09	-0.0009059	0.0064941	4.27E-09	-0.0095747	-2.66E-09	-0.0039921	0.0090978	4.73E-09	-0.011323	3.83E-09	-0.070265	0.68508	-6.82E-09	0.028258	2.55E-09	-0.046843	0.023619	-4.55E-09	-0.0013948
-1.16E-09	-0.00079334	0.0064018	2.06E-09	-0.0081647	-1.28E-09	-0.0036072	0.0088579	2.28E-09	-0.0096495	1.87E-09	-0.0642	0.67997	-3.32E-09	0.024337	1.24E-09	-0.0428	0.021516	-2.21E-09	-0.0010906
-5.58E-10	-0.00069645	0.0063192	9.92E-10	-0.0069645	-6.17E-10	-0.0032635	0.0086416	1.10E-09	-0.0082263	9.07E-10	-0.058681	0.67516	-1.61E-09	0.020948	6.05E-10	-0.039121	0.019607	-1.08E-09	-0.00085307
-2.69E-10	-0.00061284	0.0062449	4.78E-10	-0.0059425	-2.97E-10	-0.0029559	0.0084461	5.29E-10	-0.0070153	4.41E-10	-0.053656	0.67062	-7.85E-10	0.01802	2.94E-10	-0.03577	0.017874	-5.23E-10	-0.00066752
-1.30E-10	-0.00054049	0.0061778	2.31E-10	-0.0050717	-1.43E-10	-0.0026801	0.0082689	2.55E-10	-0.0059844	2.14E-10	-0.049076	0.66632	-3.81E-10	0.015495	1.43E-10	-0.032717	0.016299	-2.54E-10	-0.00052249
-6.25E-11	-0.00047774	0.0061169	1.11E-10	-0.0043296	-6.91E-11	-0.0024324	0.0081078	1.23E-10	-0.0051064	1.04E-10	-0.044901	0.66224	-1.85E-10	0.013317	6.94E-11	-0.029934	0.014867	-1.23E-10	-0.0004091
-3.02E-11	-0.00042318	0.0060613	5.37E-11	-0.0036969	-3.33E-11	-0.0022095	0.0079611	5.93E-11	-0.0043583	5.05E-11	-0.041091	0.65835	-8.99E-11	0.011441	3.37E-11	-0.027394	0.013565	-5.99E-11	-0.00032039
-1.46E-11	-0.00037562	0.0060102	2.59E-11	-0.0031572	-1.61E-11	-0.0020088	0.0078271	2.86E-11	-0.0037207	2.45E-11	-0.037614	0.65466	-4.36E-11	0.0098261	1.63E-11	-0.025076	0.01238	-2.91E-11	-0.00025099
-7.03E-12	-0.00033407	0.0059632	1.25E-11	-0.0026968	-7.75E-12	-0.0018277	0.0077045	1.38E-11	-0.003177	1.19E-11	-0.034439	0.65112	-2.12E-11	0.0084362	7.93E-12	-0.022959	0.011301	-1.41E-11	-0.00019666
-3.39E-12	-0.00029768	0.0059196	6.04E-12	-0.0023039	-3.74E-12	-0.001664	0.0075919	6.66E-12	-0.0027133	5.77E-12	-0.031538	0.64774	-1.03E-11	0.0072408	3.84E-12	-0.021025	0.010318	-6.84E-12	-0.00015412
-1.64E-12	-0.00026574	0.0058791	2.91E-12	-0.0019686	-1.81E-12	-0.001516	0.0074883	3.21E-12	-0.0023177	2.80E-12	-0.028887	0.64449	-4.97E-12	0.0062132	1.86E-12	-0.019258	0.0094219	-3.32E-12	-0.00012081
-7.91E-13	-0.00023764	0.0058412	1.41E-12	-0.0016822	-8.72E-13	-0.001382	0.0073928	1.55E-12	-0.00198	1.36E-12	-0.026463	0.64137	-2.41E-12	0.0053302	9.04E-13	-0.017642	0.0086054	-1.61E-12	-9.47E-05
-3.82E-13	-0.00021286	0.0058057	6.80E-13	-0.0014377	-4.21E-13	-0.0012605	0.0073045	7.49E-13	-0.0016918	6.57E-13	-0.024247	0.63836	-1.17E-12	0.0045717	4.38E-13	-0.016164	0.0078608	-7.79E-13	-7.43E-05
-1.84E-13	-0.00019097	0.0057722	3.28E-13	-0.0012289	-2.03E-13	-0.0011503	0.0072228	3.62E-13	-0.0014458	3.18E-13	-0.022219	0.63545	-5.66E-13	0.0039204	2.12E-13	-0.014812	0.0071817	-3.78E-13	-5.82E-05
-8.91E-14	-0.00017159	0.0057405	1.59E-13	-0.0010505	-9.81E-14	-0.0010502	0.0071469	1.75E-13	-0.0012357	1.54E-13	-0.020363	0.63264	-2.75E-13	0.0033612	1.03E-13	-0.013575	0.006562	-1.83E-13	-4.57E-05
-4.31E-14	-0.00015439	0.0057105	7.66E-14	-0.00089812	-4.74E-14	-0.00095923	0.0070762	8.43E-14	-0.0010562	7.48E-14	-0.018665	0.62992	-1.33E-13	0.0028814	4.99E-14	-0.012443	0.0059966	-8.88E-14	-3.58E-05
-2.08E-14	-0.0001391	0.0056818	3.70E-14	-0.00076788	-2.29E-14	-0.00087647	0.0070104	4.07E-14	-0.00090287	3.63E-14	-0.01711	0.62728	-6.46E-14	0.0024697	2.42E-14	-0.011406	0.0054805	-4.30E-14	-2.81E-05
