Starting Dynare (version 4.5.7).
Starting preprocessing of the model file ...
WARNING: NK_GHP16_rep.mod:8.12-9.90: Symbol G_ss declared twice.
Found 22 equation(s).
Evaluating expressions...done
Computing static model derivatives:
 - order 1
Computing dynamic model derivatives:
 - order 1
Processing outputs ...
done
Preprocessing completed.

STEADY-STATE RESULTS:

C        		 -1.0564
C_m      		 -1.38676
C_n      		 -0.738118
K        		 1.7212
K_m      		 0.883919
K_n      		 1.15401
I        		 -2.00434
W        		 0.157481
h_m      		 -1.10866
h_n      		 -1.66073
r_k      		 -3.3755
r        		 -0.98995
lambda   		 0.764536
infl     		 0
inflstar 		 0
x_1      		 0.599718
x_2      		 0.599718
RMC      		 -0.0953102
G        		 -2.47182
g        		 0
Y        		 -0.757017
D        		 0




Residuals of the static equations:

Equation number 1 : 0
Equation number 2 : 0
Equation number 3 : 0
Equation number 4 : 0
Equation number 5 : 0
Equation number 6 : 0
Equation number 7 : 0
Equation number 8 : 0
Equation number 9 : 0
Equation number 10 : 0
Equation number 11 : 0
Equation number 12 : 0
Equation number 13 : 0
Equation number 14 : 0
Equation number 15 : 0
Equation number 16 : 0
Equation number 17 : 0
Equation number 18 : 0
Equation number 19 : 0
Equation number 20 : 0
Equation number 21 : 0
Equation number 22 : 0



MODEL SUMMARY

  Number of variables:         22
  Number of stochastic shocks: 1
  Number of state variables:   3
  Number of jumpers:           6
  Number of static variables:  14


MATRIX OF COVARIANCE OF EXOGENOUS SHOCKS
Variables          e_g
e_g          30.864198

POLICY AND TRANSITION FUNCTIONS
                                   C             C_m             C_n               K             K_m             K_n               I               W             h_m             h_n             r_k               r          lambda            infl        inflstar             x_1             x_2             RMC               G               g               Y               D
Constant                   -1.056399       -1.386762       -0.738118        1.721200        0.883919        1.154006       -2.004343        0.157481       -1.108663       -1.660731       -3.375500       -0.989950        0.764536               0               0        0.599718        0.599718       -0.095310       -2.471816               0       -0.757017               0
g(-1)                      -0.043616        0.064343       -0.125155       -0.001212        0.162543       -0.126208       -0.050283        0.046861        0.164109       -0.124642        0.048427        0.029262        0.070014        0.019508        0.058523        0.423564        0.365040        0.047138        0.800000        0.800000        0.163833               0
D(-1)                      -0.213702        0.491696       -0.746468       -0.005663        0.954302       -0.738417       -0.234971        0.313466        0.942326       -0.750393        0.301491        0.155994        0.318481        0.103996        0.311987        1.604174        1.292187        0.311353               0               0        0.194440        0.750000
K(-1)                       0.248484       -0.077811        0.494923        0.983063        0.806786        1.117618        0.297238        0.160447       -0.119539        0.191293       -0.765878       -0.014566       -0.296381       -0.009710       -0.029131       -0.235881       -0.206750       -0.003028               0               0        0.043936               0
e_g                        -0.054520        0.080429       -0.156444       -0.001515        0.203178       -0.157760       -0.062854        0.058577        0.205136       -0.155802        0.060534        0.036577        0.087518        0.024385        0.073154        0.529455        0.456300        0.058922        1.000000        1.000000        0.204791               0


THEORETICAL MOMENTS
VARIABLE         MEAN  STD. DEV.   VARIANCE
C             -1.0564     0.5206     0.2710
C_m           -1.3868     0.7490     0.5610
C_n           -0.7381     1.4784     2.1856
K              1.7212     0.2214     0.0490
K_m            0.8839     1.8471     3.4116
K_n            1.1540     1.5384     2.3665
I             -2.0043     0.6010     0.3612
W              0.1575     0.5351     0.2863
h_m           -1.1087     1.9059     3.6323
h_n           -1.6607     1.4532     2.1119
r_k           -3.3755     0.6229     0.3880
r             -0.9899     0.3395     0.1152
lambda         0.7645     0.8284     0.6862
infl           0.0000     0.2263     0.0512
inflstar       0.0000     0.6789     0.4609
x_1            0.5997     4.9150    24.1574
x_2            0.5997     4.2361    17.9445
RMC           -0.0953     0.5457     0.2978
G             -2.4718     9.2593    85.7339
g              0.0000     9.2593    85.7339
Y             -0.7570     1.8939     3.5870
D              0.0000     0.0000     0.0000



MATRIX OF CORRELATIONS
Variables           C       C_m       C_n         K       K_m       K_n         I         W       h_m       h_n       r_k         r    lambda      infl  inflstar       x_1       x_2       RMC         G         g         Y
C              1.0000   -0.9968    0.9995    0.3932   -0.9807    0.9985    1.0000   -0.9860   -0.9960    0.9972   -0.9865   -0.9956   -0.9997   -0.9956   -0.9956   -0.9957   -0.9957   -0.9948   -0.9947   -0.9947   -0.9942
C_m           -0.9968    1.0000   -0.9988   -0.3180    0.9932   -0.9910   -0.9965    0.9962    1.0000   -1.0000    0.9701    0.9999    0.9985    0.9999    0.9999    0.9999    0.9999    0.9998    0.9998    0.9998    0.9996
C_n            0.9995   -0.9988    1.0000    0.3647   -0.9862    0.9964    0.9994   -0.9907   -0.9983    0.9990   -0.9809   -0.9980   -1.0000   -0.9980   -0.9980   -0.9981   -0.9981   -0.9975   -0.9974   -0.9974   -0.9970
K              0.3932   -0.3180    0.3647    1.0000   -0.2057    0.4423    0.3966   -0.2345   -0.3096    0.3236   -0.5386   -0.3055   -0.3693   -0.3055   -0.3055   -0.3066   -0.3067   -0.2979   -0.2967   -0.2967   -0.2919
K_m           -0.9807    0.9932   -0.9862   -0.2057    1.0000   -0.9687   -0.9799    0.9996    0.9942   -0.9925    0.9353    0.9947    0.9854    0.9947    0.9947    0.9946    0.9945    0.9955    0.9956    0.9956    0.9960
K_n            0.9985   -0.9910    0.9964    0.4423   -0.9687    1.0000    0.9987   -0.9756   -0.9897    0.9917   -0.9939   -0.9891   -0.9968   -0.9891   -0.9891   -0.9893   -0.9893   -0.9879   -0.9877   -0.9877   -0.9869
I              1.0000   -0.9965    0.9994    0.3966   -0.9799    0.9987    1.0000   -0.9854   -0.9957    0.9969   -0.9871   -0.9953   -0.9996   -0.9953   -0.9953   -0.9954   -0.9954   -0.9945   -0.9943   -0.9943   -0.9938
W             -0.9860    0.9962   -0.9907   -0.2345    0.9996   -0.9756   -0.9854    1.0000    0.9970   -0.9957    0.9454    0.9973    0.9900    0.9973    0.9973    0.9972    0.9972    0.9978    0.9979    0.9979    0.9982
h_m           -0.9960    1.0000   -0.9983   -0.3096    0.9942   -0.9897   -0.9957    0.9970    1.0000   -0.9999    0.9679    1.0000    0.9980    1.0000    1.0000    1.0000    1.0000    0.9999    0.9999    0.9999    0.9998
h_n            0.9972   -1.0000    0.9990    0.3236   -0.9925    0.9917    0.9969   -0.9957   -0.9999    1.0000   -0.9715   -0.9998   -0.9988   -0.9998   -0.9998   -0.9998   -0.9998   -0.9996   -0.9996   -0.9996   -0.9994
r_k           -0.9865    0.9701   -0.9809   -0.5386    0.9353   -0.9939   -0.9871    0.9454    0.9679   -0.9715    1.0000    0.9668    0.9819    0.9668    0.9668    0.9671    0.9671    0.9647    0.9644    0.9644    0.9631
r             -0.9956    0.9999   -0.9980   -0.3055    0.9947   -0.9891   -0.9953    0.9973    1.0000   -0.9998    0.9668    1.0000    0.9977    1.0000    1.0000    1.0000    1.0000    1.0000    1.0000    1.0000    0.9999
lambda        -0.9997    0.9985   -1.0000   -0.3693    0.9854   -0.9968   -0.9996    0.9900    0.9980   -0.9988    0.9819    0.9977    1.0000    0.9977    0.9977    0.9978    0.9978    0.9971    0.9970    0.9970    0.9966
infl          -0.9956    0.9999   -0.9980   -0.3055    0.9947   -0.9891   -0.9953    0.9973    1.0000   -0.9998    0.9668    1.0000    0.9977    1.0000    1.0000    1.0000    1.0000    1.0000    1.0000    1.0000    0.9999
inflstar      -0.9956    0.9999   -0.9980   -0.3055    0.9947   -0.9891   -0.9953    0.9973    1.0000   -0.9998    0.9668    1.0000    0.9977    1.0000    1.0000    1.0000    1.0000    1.0000    1.0000    1.0000    0.9999
x_1           -0.9957    0.9999   -0.9981   -0.3066    0.9946   -0.9893   -0.9954    0.9972    1.0000   -0.9998    0.9671    1.0000    0.9978    1.0000    1.0000    1.0000    1.0000    1.0000    0.9999    0.9999    0.9999
x_2           -0.9957    0.9999   -0.9981   -0.3067    0.9945   -0.9893   -0.9954    0.9972    1.0000   -0.9998    0.9671    1.0000    0.9978    1.0000    1.0000    1.0000    1.0000    1.0000    0.9999    0.9999    0.9999
RMC           -0.9948    0.9998   -0.9975   -0.2979    0.9955   -0.9879   -0.9945    0.9978    0.9999   -0.9996    0.9647    1.0000    0.9971    1.0000    1.0000    1.0000    1.0000    1.0000    1.0000    1.0000    1.0000
G             -0.9947    0.9998   -0.9974   -0.2967    0.9956   -0.9877   -0.9943    0.9979    0.9999   -0.9996    0.9644    1.0000    0.9970    1.0000    1.0000    0.9999    0.9999    1.0000    1.0000    1.0000    1.0000
g             -0.9947    0.9998   -0.9974   -0.2967    0.9956   -0.9877   -0.9943    0.9979    0.9999   -0.9996    0.9644    1.0000    0.9970    1.0000    1.0000    0.9999    0.9999    1.0000    1.0000    1.0000    1.0000
Y             -0.9942    0.9996   -0.9970   -0.2919    0.9960   -0.9869   -0.9938    0.9982    0.9998   -0.9994    0.9631    0.9999    0.9966    0.9999    0.9999    0.9999    0.9999    1.0000    1.0000    1.0000    1.0000



COEFFICIENTS OF AUTOCORRELATION
Order            1       2       3       4       5
C           0.8132  0.6635  0.5435  0.4473  0.3701
C_m         0.8025  0.6445  0.5181  0.4169  0.3359
C_n         0.8088  0.6558  0.5332  0.4349  0.3562
K           0.9981  0.9932  0.9860  0.9770  0.9666
K_m         0.7913  0.6245  0.4913  0.3848  0.2997
K_n         0.8214  0.6782  0.5633  0.4710  0.3968
I           0.8137  0.6644  0.5448  0.4488  0.3719
W           0.7937  0.6287  0.4969  0.3915  0.3073
h_m         0.8015  0.6427  0.5156  0.4139  0.3326
h_n         0.8033  0.6458  0.5198  0.4189  0.3382
r_k         0.8408  0.7128  0.6097  0.5266  0.4594
r           0.8010  0.6418  0.5145  0.4126  0.3310
lambda      0.8095  0.6570  0.5348  0.4369  0.3584
infl        0.8010  0.6418  0.5145  0.4126  0.3310
inflstar    0.8010  0.6418  0.5145  0.4126  0.3310
x_1         0.8012  0.6421  0.5148  0.4129  0.3314
x_2         0.8012  0.6421  0.5148  0.4130  0.3315
RMC         0.8001  0.6402  0.5123  0.4100  0.3281
G           0.8000  0.6400  0.5120  0.4096  0.3277
g           0.8000  0.6400  0.5120  0.4096  0.3277
Y           0.7995  0.6390  0.5107  0.4080  0.3259
Total computing time : 0h00m00s
Note: 1 warning(s) encountered in the preprocessor
