Starting Dynare (version 4.5.3).
Starting preprocessing of the model file ...
Found 25 equation(s).
Evaluating expressions...done
Computing static model derivatives:
 - order 1
Computing dynamic model derivatives:
 - order 1
Processing outputs ...
done
Preprocessing completed.

STEADY-STATE RESULTS:

c_t      		 -1.63075
r_t      		 0.012555
pi_t     		 0.0025047
z_t      		 -1.93586
zbar_t   		 -3.5666
fo_t     		 0.150652
CapG_t   		 0.00921579
co_t     		 0.0110763
ho_t     		 0.488499
omeg_t   		 -0.160142
n_t      		 -1.60944
y_t      		 -1.60944
ni_t     		 0.0213078
rl_t     		 0.017005
del_t    		 0.00444679
lagz_t   		 -1.93586
dumnum_t 		 0.0499457
dumden_t 		 0.988924
a_t      		 0
mu_t     		 -2.12026
gam_t    		 -2.81341
std_t    		 -2.65926
pol_t    		 0
Util     		 -2.63075
Welf     		 -263.075

EIGENVALUES:
         Modulus             Real        Imaginary

       1.717e-22        1.717e-22                0
       9.805e-17       -9.805e-17                0
       1.611e-15        1.611e-15                0
       1.607e-08        3.716e-17        1.607e-08
       1.607e-08        3.716e-17       -1.607e-08
           0.634            0.634                0
          0.7592           0.7592                0
             0.9              0.9                0
             0.9              0.9                0
             0.9              0.9                0
             0.9              0.9                0
            1.01             1.01                0
           2.366            2.366                0
       2.117e+16       -2.117e+16                0
       7.979e+16        7.979e+16                0
       1.906e+17        1.906e+17                0
       4.668e+18        4.668e+18                0
       6.197e+19       -6.197e+19                0
             Inf              Inf                0
             Inf              Inf                0
             Inf             -Inf                0


There are 10 eigenvalue(s) larger than 1 in modulus 
for 10 forward-looking variable(s)

The rank condition is verified.


MODEL SUMMARY

  Number of variables:         25
  Number of stochastic shocks: 5
  Number of state variables:   11
  Number of jumpers:           10
  Number of static variables:  7


MATRIX OF COVARIANCE OF EXOGENOUS SHOCKS
Variables        epsA     epsmu    epsgam    epsstd    epspol
epsA         1.000000  0.000000  0.000000  0.000000  0.000000
epsmu        0.000000  1.440000  0.000000  0.000000  0.000000
epsgam       0.000000  0.000000  1.000000  0.000000  0.000000
epsstd       0.000000  0.000000  0.000000  1.000000  0.000000
epspol       0.000000  0.000000  0.000000  0.000000  1.000000

POLICY AND TRANSITION FUNCTIONS
                                 a_t            mu_t           gam_t           std_t             y_t            ni_t             c_t          omeg_t           del_t            pi_t             z_t          zbar_t            fo_t          CapG_t            co_t             n_t             r_t
Constant                           0       -2.120260       -2.813410       -2.659260       -1.609436        0.021308       -1.630746       -0.160142        0.004447        0.002505       -1.935858       -3.566602        0.150652        0.009216        0.011076       -1.609436        0.012555
z_t(-1)                            0               0               0               0       -0.682577        0.647795       -0.647795       -0.816428       -0.035229        0.330372        4.400376       -0.330372        0.687910       -0.289524       -0.339808       -0.682577        0.495560
zbar_t(-1)                         0               0               0               0        0.672365       -0.644891        0.644891        0.644889        0.027827       -0.317256       -3.475819        1.317256       -0.543374        0.228692        0.268411        0.672365       -0.475886
rl_t(-1)                           0               0               0               0        0.060557       -0.017221        0.017221        1.017221        0.043892       -0.077778       -5.482609        0.077778       -0.857096        0.360730        0.423380        0.060557       -0.116667
lagz_t(-1)                         0               0               0               0       -0.672365        0.644891       -0.644891       -0.644889       -0.027827        0.317256        3.475819       -1.317256        0.543374       -0.228692       -0.268411       -0.672365        0.475886
a_t(-1)                     0.900000               0               0               0        0.336148        0.540812        0.359188       -0.540811       -0.023336        0.204664        2.914857       -0.204664        0.455679       -0.191784       -0.225092       -0.563852        0.306998
gam_t(-1)                          0               0               0               0       -0.042917        0.041163       -0.041163       -0.041163       -0.001776        0.020250        0.221861       -0.084080        0.034684       -0.014597       -0.017133       -0.042917        0.030376
std_t(-1)                          0               0               0        0.900000        0.007963       -0.001924        0.001924        0.001924        0.011227       -0.009886        0.056608        0.009886        0.004323        0.050270        0.060788        0.007963       -0.014830
pol_t(-1)                          0               0               0               0        0.651078       -0.624474        0.624474        0.624472        0.026948       -1.275552       -3.365774        1.275552       -0.526171        0.221452        0.259913        0.651078       -1.013331
fo_t(-1)                           0               0               0               0        4.463046       -4.280681        4.280681        4.280667        0.184713       -2.105894      -23.071904        8.743727       -3.606829        1.518022        1.781668        4.463046       -3.158854
ni_t(-1)                           0               0               0               0        0.672365       -0.644891        0.644891        0.644889        0.027827       -0.317256       -3.475819        1.317256       -0.543374        0.228692        0.268411        0.672365       -0.475886
mu_t(-1)                           0        0.900000               0               0        0.001627       -0.000605        0.000605        0.000605        0.000746       -0.002232        0.002712        0.002232       -0.000509        0.000214        0.000252        0.001627       -0.003347
epsA                        1.000000               0               0               0        0.373498        0.600903        0.399097       -0.600901       -0.025929        0.227405        3.238730       -0.227405        0.506310       -0.213093       -0.250102       -0.626502        0.341109
epsmu                              0        1.000000               0               0        0.001808       -0.000672        0.000672        0.000672        0.000829       -0.002479        0.003014        0.002479       -0.000566        0.000238        0.000280        0.001808       -0.003719
epsgam                             0               0        1.000000               0        0.000536       -0.000514        0.000514        0.000514        0.000518       -0.001050       -0.064754        0.001050       -0.000433        0.000182        0.000214        0.000536       -0.001575
epsstd                             0               0               0        1.000000        0.008847       -0.002137        0.002137        0.002137        0.012475       -0.010985        0.062898        0.010985        0.004804        0.055855        0.067543        0.008847       -0.016477
epspol                             0               0               0               0        0.723420       -0.693860        0.693860        0.693858        0.029942       -1.417280       -3.739748        1.417280       -0.584635        0.246058        0.288792        0.723420       -1.125924


THEORETICAL MOMENTS
VARIABLE         MEAN  STD. DEV.   VARIANCE
a_t            0.0000     2.2942     5.2632
mu_t          -2.1203     2.7530     7.5789
gam_t         -2.8134     1.0000     1.0000
std_t         -2.6593     2.2942     5.2632
y_t           -1.6094     4.4566    19.8616
ni_t           0.0213     3.7857    14.3312
c_t           -1.6307     4.4452    19.7601
omeg_t        -0.1601     1.4308     2.0471
del_t          0.0044     0.0645     0.0042
pi_t           0.0025     4.0541    16.4360
z_t           -1.9359     7.7364    59.8525
zbar_t        -3.5666     8.8341    78.0416
fo_t           0.1507     1.2076     1.4583
CapG_t         0.0092     0.5068     0.2568
co_t           0.0111     0.5954     0.3544
n_t           -1.6094     3.8202    14.5943
r_t            0.0126     3.8319    14.6831



VARIANCE DECOMPOSITION (in percent)
            epsA   epsmu  epsgam  epsstd  epspol
a_t       100.00    0.00    0.00    0.00    0.00
mu_t        0.00  100.00    0.00    0.00    0.00
gam_t       0.00    0.00  100.00    0.00    0.00
std_t       0.00    0.00    0.00  100.00    0.00
y_t        30.31    0.00    0.00    0.01   69.68
ni_t        5.07    0.00    0.00    0.01   94.92
c_t        31.15    0.00    0.00    0.01   68.84
omeg_t     41.63    0.20    0.01    2.65   55.51
del_t      38.14    0.07    0.02   10.92   50.87
pi_t        0.99    0.00    0.00    0.00   99.01
z_t        41.37    0.21    0.02    3.25   55.15
zbar_t     67.86    0.15    0.01    2.35   29.63
fo_t       41.49    0.20    0.01    2.98   55.32
CapG_t     41.73    0.20    0.01    2.42   55.64
co_t       41.65    0.20    0.01    2.60   55.54
n_t         5.16    0.00    0.00    0.01   94.83
r_t         2.49    0.00    0.00    0.00   97.50



MATRIX OF CORRELATIONS
Variables       a_t    mu_t   gam_t   std_t     y_t    ni_t     c_t  omeg_t   del_t    pi_t     z_t  zbar_t    fo_t  CapG_t    co_t     n_t     r_t
a_t          1.0000  0.0000  0.0000  0.0000  0.5150 -0.0095  0.5242 -0.5779 -0.5531 -0.0282  0.5761  0.7179  0.5770 -0.5786 -0.5781  0.0002 -0.0448
mu_t         0.0000  1.0000  0.0000  0.0000 -0.0014  0.0019 -0.0016 -0.0351  0.0006  0.0002  0.0374  0.0279  0.0350 -0.0351 -0.0351 -0.0017  0.0002
gam_t        0.0000  0.0000  1.0000  0.0000  0.0001 -0.0001  0.0001  0.0004  0.0080 -0.0003 -0.0084  0.0001 -0.0004  0.0004  0.0004  0.0001 -0.0004
std_t        0.0000  0.0000  0.0000  1.0000 -0.0050  0.0078 -0.0067 -0.1294  0.3166  0.0006  0.1511  0.1132  0.1417  0.1199  0.1274 -0.0058  0.0010
y_t          0.5150 -0.0014  0.0001 -0.0050  1.0000 -0.8620  0.9999  0.1949  0.1845 -0.8455 -0.1944  0.7001 -0.1946  0.1939  0.1937  0.8573 -0.8692
ni_t        -0.0095  0.0019 -0.0001  0.0078 -0.8620  1.0000 -0.8565 -0.5642 -0.5366  0.9682  0.5625 -0.3939  0.5633 -0.5629 -0.5623 -0.9999  0.9864
c_t          0.5242 -0.0016  0.0001 -0.0067  0.9999 -0.8565  1.0000  0.1822  0.1715 -0.8391 -0.1817  0.7060 -0.1819  0.1807  0.1805  0.8517 -0.8632
omeg_t      -0.5779 -0.0351  0.0004 -0.1294  0.1949 -0.5642  0.1822  1.0000  0.8990 -0.6303 -0.9997 -0.3311 -0.9999  0.9689  0.9670  0.5745 -0.6008
del_t       -0.5531  0.0006  0.0080  0.3166  0.1845 -0.5366  0.1715  0.8990  1.0000 -0.6032 -0.8892 -0.2661 -0.8935  0.9790  0.9805  0.5474 -0.5748
pi_t        -0.0282  0.0002 -0.0003  0.0006 -0.8455  0.9682 -0.8391 -0.6303 -0.6032  1.0000  0.6283 -0.3388  0.6293 -0.6309 -0.6303 -0.9695  0.9956
z_t          0.5761  0.0374 -0.0084  0.1511 -0.1944  0.5625 -0.1817 -0.9997 -0.8892  0.6283  1.0000  0.3326  0.9999 -0.9633 -0.9612 -0.5727  0.5989
zbar_t       0.7179  0.0279  0.0001  0.1132  0.7001 -0.3939  0.7060 -0.3311 -0.2661 -0.3388  0.3326  1.0000  0.3320 -0.3033 -0.3022  0.3855 -0.3773
fo_t         0.5770  0.0350 -0.0004  0.1417 -0.1946  0.5633 -0.1819 -0.9999 -0.8935  0.6293  0.9999  0.3320  1.0000 -0.9658 -0.9638 -0.5736  0.5998
CapG_t      -0.5786 -0.0351  0.0004  0.1199  0.1939 -0.5629  0.1807  0.9689  0.9790 -0.6309 -0.9633 -0.3033 -0.9658  1.0000  1.0000  0.5737 -0.6013
co_t        -0.5781 -0.0351  0.0004  0.1274  0.1937 -0.5623  0.1805  0.9670  0.9805 -0.6303 -0.9612 -0.3022 -0.9638  1.0000  1.0000  0.5731 -0.6007
n_t          0.0002 -0.0017  0.0001 -0.0058  0.8573 -0.9999  0.8517  0.5745  0.5474 -0.9695 -0.5727  0.3855 -0.5736  0.5737  0.5731  1.0000 -0.9871
r_t         -0.0448  0.0002 -0.0004  0.0010 -0.8692  0.9864 -0.8632 -0.6008 -0.5748  0.9956  0.5989 -0.3773  0.5998 -0.6013 -0.6007 -0.9871  1.0000



COEFFICIENTS OF AUTOCORRELATION
Order          1       2       3       4       5
a_t       0.9000  0.8100  0.7290  0.6561  0.5905
mu_t      0.9000  0.8100  0.7290  0.6561  0.5905
gam_t     0.0000  0.0000  0.0000  0.0000  0.0000
std_t     0.9000  0.8100  0.7290  0.6561  0.5905
y_t       0.9759  0.9272  0.8660  0.7999  0.7331
ni_t      0.9575  0.9008  0.8376  0.7723  0.7080
c_t       0.9764  0.9279  0.8668  0.8006  0.7339
omeg_t    0.7656  0.5870  0.4508  0.3469  0.2676
del_t     0.7648  0.5857  0.4492  0.3451  0.2657
pi_t      0.9335  0.8624  0.7909  0.7217  0.6561
z_t       0.7671  0.5895  0.4539  0.3504  0.2712
zbar_t    0.8037  0.7134  0.6304  0.5559  0.4900
fo_t      0.7664  0.5883  0.4525  0.3488  0.2695
CapG_t    0.7583  0.5748  0.4357  0.3301  0.2500
co_t      0.7583  0.5749  0.4358  0.3302  0.2501
n_t       0.9556  0.8978  0.8339  0.7684  0.7040
r_t       0.9472  0.8838  0.8163  0.7487  0.6833
Total computing time : 0h00m07s
