Starting Dynare (version 4.5.7).
Starting preprocessing of the model file ...
Found 16 equation(s).
Evaluating expressions...done
Computing static model derivatives:
 - order 1
Computing dynamic model derivatives:
 - order 1
 - order 2
Processing outputs ...
done
Preprocessing completed.

STEADY-STATE RESULTS:

y    		 -0.560567
pi   		 2.52915
ir   		 2.53657
mp   		 0.812838
mn   		 -1.68161
yf   		 -0.587953
mpf  		 -0.249497
mnf  		 -0.646656
ea   		 0
eu   		 0
ei   		 0
ep   		 0
en   		 0
vel  		 0.3082
rr   		 0.00742752
ygap 		 0.0273862

EIGENVALUES:
         Modulus             Real        Imaginary

          0.1567           0.1567                0
          0.2396           0.2396                0
          0.7656           0.7656                0
          0.8342           0.8342                0
          0.9398           0.9398                0
          0.9543           0.9543                0
           1.589            1.523            0.452
           1.589            1.523           -0.452
       2.934e+16        2.934e+16                0
       1.106e+17        1.106e+17                0


There are 4 eigenvalue(s) larger than 1 in modulus 
for 4 forward-looking variable(s)

The rank condition is verified.


MODEL SUMMARY

  Number of variables:         16
  Number of stochastic shocks: 5
  Number of state variables:   6
  Number of jumpers:           4
  Number of static variables:  7


MATRIX OF COVARIANCE OF EXOGENOUS SHOCKS
Variables          ua        uu        ui        up        un
ua           0.000050  0.000000  0.000000  0.000000  0.000000
uu           0.000000  0.011300  0.000000  0.000000  0.000000
ui           0.000000  0.000000  0.000841  0.000000  0.000000
up           0.000000  0.000000  0.000000  0.000269  0.000000
un           0.000000  0.000000  0.000000  0.000000  0.000286

POLICY AND TRANSITION FUNCTIONS
                                  pi               y              ir              rr            ygap              mp              mn             vel
Constant                    2.529147       -0.560567        2.536574        0.007428        0.027386        0.812838       -1.681605        0.308200
ir(-1)                     -0.180660       -0.201483        0.239608        0.282895       -0.201483        0.174321       -0.375804               0
ea(-1)                     -0.063343        0.943299       -0.105871       -0.065468       -0.034005       -0.385436        1.328735               0
ei(-1)                     -0.055306       -0.055262        0.049839        0.067510       -0.055262        0.041080       -0.096342               0
ep(-1)                     -0.035155        0.169726       -0.064646       -0.049410       -0.029312       -1.423502        0.258407        1.334821
en(-1)                             0               0               0               0               0       -0.895419        0.614874        0.280545
eu(-1)                      0.026234        0.013435        0.043481        0.026301        0.013435        0.013583       -0.000149               0
ua                         -6.740083      100.372306      -11.265317       -6.966184       -3.618335      -41.012607      141.384913               0
uu                          2.748979        1.407806        4.556294        2.756086        1.407806        1.423373       -0.015568               0
ui                        -35.294077      -35.266316       31.805577       43.082167      -35.266316       26.215809      -61.482124               0
up                         -4.591797       22.168997       -8.443785       -6.453764       -3.828663     -185.932865       33.752228      174.349634
un                                 0               0               0               0               0     -107.338629       73.708263       33.630366


THEORETICAL MOMENTS
VARIABLE         MEAN  STD. DEV.   VARIANCE
pi             2.5291     1.2537     1.5718
y             -0.5606     2.4824     6.1622
ir             2.5366     2.3663     5.5992
rr             0.0074     2.0786     4.3204
ygap           0.0274     1.0990     1.2078
mp             0.8128     5.9871    35.8456
mn            -1.6816     4.4152    19.4938
vel            0.3082     4.5626    20.8173



VARIANCE DECOMPOSITION (in percent)
            ua      uu      ui      up      un
pi        0.52   24.98   74.02    0.48    0.00
y        74.51    0.43   19.09    5.98    0.00
ir        1.64   79.27   17.81    1.27    0.00
rr        1.19   56.21   41.41    1.19    0.00
ygap      0.06    2.18   97.38    0.37    0.00
mp        2.27    2.08    1.85   63.61   30.19
mn       47.55    3.26   18.50    4.52   26.17
vel       0.00    0.00    0.00   94.90    5.10

CONDITIONAL VARIANCE DECOMPOSITION (in percent)
Period 1:
            ua      uu      ui      up      un
pi        0.20    7.48   91.82    0.50    0.00
y        29.73    1.31   61.22    7.74    0.00
ir        0.58   21.12   76.58    1.73    0.00
rr        0.15    5.17   94.01    0.67    0.00
ygap      0.06    2.09   97.48    0.37    0.00
mp        0.64    0.17    4.35   70.05   24.79
mn       16.67    0.00   52.59    5.07   25.67
vel       0.00    0.00    0.00   96.20    3.80
Period 2:
            ua      uu      ui      up      un
pi        0.25    9.48   89.74    0.52    0.00
y        40.86    1.02   48.69    9.44    0.00
ir        0.95   35.40   61.25    2.40    0.00
rr        0.35   12.58   85.82    1.24    0.00
ygap      0.06    2.04   97.53    0.36    0.00
mp        0.78    0.35    3.08   69.64   26.15
mn       22.41    0.39   40.93    6.11   30.16
vel       0.00    0.00    0.00   95.95    4.05
Period 3:
            ua      uu      ui      up      un
pi        0.29   11.21   87.97    0.54    0.00
y        48.51    0.86   40.77    9.85    0.00
ir        1.21   45.77   50.40    2.61    0.00
rr        0.53   19.50   78.39    1.58    0.00
ygap      0.06    2.06   97.51    0.37    0.00
mp        0.92    0.50    2.52   68.84   27.22
mn       26.60    0.77   34.16    6.40   32.07
vel       0.00    0.00    0.00   95.73    4.27
Period 4:
            ua      uu      ui      up      un
pi        0.33   12.67   86.47    0.54    0.00
y        53.82    0.76   35.74    9.69    0.00
ir        1.38   52.80   43.23    2.59    0.00
rr        0.68   25.12   72.49    1.71    0.00
ygap      0.06    2.07   97.50    0.37    0.00
mp        1.05    0.63    2.25   68.01   28.07
mn       29.76    1.08   30.15    6.35   32.66
vel       0.00    0.00    0.00   95.54    4.46
Period 5:
            ua      uu      ui      up      un
pi        0.35   13.94   85.17    0.54    0.00
y        57.69    0.69   32.30    9.32    0.00
ir        1.49   57.76   38.27    2.47    0.00
rr        0.79   29.62   67.85    1.75    0.00
ygap      0.06    2.08   97.48    0.37    0.00
mp        1.17    0.75    2.11   67.26   28.72
mn       32.29    1.33   27.56    6.19   32.63
vel       0.00    0.00    0.00   95.39    4.61
Period 6:
            ua      uu      ui      up      un
pi        0.38   15.05   84.03    0.54    0.00
y        60.63    0.64   29.82    8.91    0.00
ir        1.57   61.43   34.67    2.34    0.00
rr        0.87   33.26   64.13    1.73    0.00
ygap      0.06    2.09   97.47    0.37    0.00
mp        1.28    0.86    2.02   66.62   29.22
mn       34.39    1.54   25.76    6.00   32.31
vel       0.00    0.00    0.00   95.27    4.73
Period 7:
            ua      uu      ui      up      un
pi        0.40   16.05   83.02    0.53    0.00
y        62.93    0.60   27.95    8.51    0.00
ir        1.62   64.23   31.94    2.21    0.00
rr        0.94   36.27   61.09    1.70    0.00
ygap      0.06    2.10   97.47    0.37    0.00
mp        1.38    0.96    1.97   66.09   29.60
mn       36.17    1.72   24.45    5.81   31.86
vel       0.00    0.00    0.00   95.17    4.83
Period 8:
            ua      uu      ui      up      un
pi        0.42   16.93   82.13    0.53    0.00
y        64.77    0.57   26.50    8.16    0.00
ir        1.65   66.44   29.81    2.09    0.00
rr        0.99   38.77   58.58    1.65    0.00
ygap      0.06    2.11   97.46    0.37    0.00
mp        1.48    1.05    1.94   65.66   29.87
mn       37.68    1.87   23.45    5.64   31.36
vel       0.00    0.00    0.00   95.10    4.90
Period 9:
            ua      uu      ui      up      un
pi        0.43   17.72   81.33    0.52    0.00
y        66.25    0.55   25.34    7.86    0.00
ir        1.68   68.22   28.11    1.99    0.00
rr        1.04   40.88   56.47    1.61    0.00
ygap      0.06    2.11   97.45    0.37    0.00
mp        1.57    1.14    1.92   65.32   30.06
mn       38.98    2.00   22.67    5.49   30.85
vel       0.00    0.00    0.00   95.04    4.96
Period 10:
            ua      uu      ui      up      un
pi        0.44   18.42   80.61    0.52    0.00
y        67.47    0.53   24.40    7.60    0.00
ir        1.70   69.68   26.72    1.90    0.00
rr        1.07   42.68   54.68    1.56    0.00
ygap      0.06    2.12   97.45    0.37    0.00
mp        1.64    1.22    1.90   65.04   30.19
mn       40.10    2.12   22.05    5.36   30.37
vel       0.00    0.00    0.00   95.00    5.00
Period 11:
            ua      uu      ui      up      un
pi        0.46   19.06   79.97    0.51    0.00
y        68.48    0.52   23.63    7.37    0.00
ir        1.71   70.90   25.57    1.82    0.00
rr        1.10   44.23   53.15    1.53    0.00
ygap      0.06    2.13   97.44    0.37    0.00
mp        1.72    1.30    1.89   64.82   30.28
mn       41.07    2.22   21.54    5.25   29.92
vel       0.00    0.00    0.00   94.97    5.03
Period 12:
            ua      uu      ui      up      un
pi        0.47   19.62   79.40    0.51    0.00
y        69.32    0.50   22.99    7.18    0.00
ir        1.72   71.92   24.61    1.75    0.00
rr        1.12   45.56   51.83    1.49    0.00
ygap      0.06    2.13   97.43    0.37    0.00
mp        1.78    1.36    1.88   64.64   30.33
mn       41.91    2.32   21.12    5.15   29.50
vel       0.00    0.00    0.00   94.95    5.05
Period 13:
            ua      uu      ui      up      un
pi        0.47   20.13   78.89    0.51    0.00
y        70.03    0.49   22.45    7.02    0.00
ir        1.72   72.78   23.80    1.70    0.00
rr        1.14   46.72   50.69    1.46    0.00
ygap      0.06    2.13   97.43    0.37    0.00
mp        1.84    1.43    1.88   64.50   30.36
mn       42.63    2.40   20.77    5.07   29.13
vel       0.00    0.00    0.00   94.94    5.06
Period 14:
            ua      uu      ui      up      un
pi        0.48   20.59   78.42    0.50    0.00
y        70.63    0.48   22.00    6.88    0.00
ir        1.73   73.52   23.10    1.65    0.00
rr        1.15   47.73   49.69    1.43    0.00
ygap      0.06    2.14   97.43    0.37    0.00
mp        1.89    1.49    1.87   64.38   30.38
mn       43.26    2.48   20.47    5.00   28.79
vel       0.00    0.00    0.00   94.93    5.07
Period 15:
            ua      uu      ui      up      un
pi        0.49   21.00   78.01    0.50    0.00
y        71.15    0.48   21.61    6.76    0.00
ir        1.73   74.16   22.50    1.61    0.00
rr        1.16   48.62   48.81    1.41    0.00
ygap      0.06    2.14   97.42    0.37    0.00
mp        1.93    1.54    1.87   64.28   30.38
mn       43.81    2.55   20.22    4.94   28.49
vel       0.00    0.00    0.00   94.92    5.08
Period 16:
            ua      uu      ui      up      un
pi        0.49   21.37   77.63    0.50    0.00
y        71.58    0.47   21.29    6.66    0.00
ir        1.73   74.72   21.98    1.57    0.00
rr        1.17   49.40   48.04    1.38    0.00
ygap      0.06    2.15   97.42    0.37    0.00
mp        1.97    1.59    1.87   64.20   30.38
mn       44.28    2.61   20.00    4.89   28.22
vel       0.00    0.00    0.00   94.91    5.09
Period 17:
            ua      uu      ui      up      un
pi        0.50   21.71   77.30    0.50    0.00
y        71.96    0.46   21.00    6.57    0.00
ir        1.73   75.21   21.53    1.54    0.00
rr        1.18   50.09   47.36    1.36    0.00
ygap      0.06    2.15   97.42    0.37    0.00
mp        2.00    1.63    1.87   64.13   30.37
mn       44.69    2.67   19.82    4.84   27.98
vel       0.00    0.00    0.00   94.91    5.09
Period 18:
            ua      uu      ui      up      un
pi        0.50   22.01   76.99    0.50    0.00
y        72.28    0.46   20.76    6.50    0.00
ir        1.72   75.63   21.14    1.51    0.00
rr        1.19   50.71   46.76    1.35    0.00
ygap      0.06    2.15   97.41    0.37    0.00
mp        2.04    1.67    1.86   64.07   30.36
mn       45.05    2.72   19.66    4.80   27.77
vel       0.00    0.00    0.00   94.90    5.10
Period 19:
            ua      uu      ui      up      un
pi        0.50   22.29   76.71    0.49    0.00
y        72.56    0.45   20.55    6.43    0.00
ir        1.72   76.01   20.79    1.48    0.00
rr        1.19   51.25   46.22    1.33    0.00
ygap      0.06    2.15   97.41    0.37    0.00
mp        2.06    1.71    1.86   64.02   30.35
mn       45.37    2.76   19.52    4.77   27.59
vel       0.00    0.00    0.00   94.90    5.10
Period 20:
            ua      uu      ui      up      un
pi        0.51   22.53   76.47    0.49    0.00
y        72.81    0.45   20.37    6.38    0.00
ir        1.72   76.34   20.48    1.46    0.00
rr        1.20   51.74   45.74    1.32    0.00
ygap      0.06    2.16   97.41    0.37    0.00
mp        2.09    1.74    1.86   63.97   30.34
mn       45.64    2.81   19.39    4.74   27.42
vel       0.00    0.00    0.00   94.90    5.10
Period 21:
            ua      uu      ui      up      un
pi        0.51   22.76   76.24    0.49    0.00
y        73.02    0.45   20.21    6.33    0.00
ir        1.71   76.63   20.21    1.44    0.00
rr        1.20   52.18   45.32    1.31    0.00
ygap      0.06    2.16   97.41    0.37    0.00
mp        2.11    1.77    1.86   63.94   30.32
mn       45.88    2.85   19.29    4.71   27.28
vel       0.00    0.00    0.00   94.90    5.10
Period 22:
            ua      uu      ui      up      un
pi        0.51   22.96   76.04    0.49    0.00
y        73.20    0.45   20.07    6.28    0.00
ir        1.71   76.89   19.97    1.43    0.00
rr        1.20   52.57   44.94    1.30    0.00
ygap      0.06    2.16   97.40    0.37    0.00
mp        2.13    1.80    1.86   63.90   30.31
mn       46.09    2.88   19.20    4.69   27.15
vel       0.00    0.00    0.00   94.90    5.10
Period 23:
            ua      uu      ui      up      un
pi        0.51   23.15   75.85    0.49    0.00
y        73.36    0.44   19.95    6.25    0.00
ir        1.71   77.13   19.76    1.41    0.00
rr        1.20   52.91   44.60    1.29    0.00
ygap      0.06    2.16   97.40    0.37    0.00
mp        2.14    1.82    1.86   63.87   30.30
mn       46.27    2.91   19.11    4.67   27.04
vel       0.00    0.00    0.00   94.90    5.10
Period 24:
            ua      uu      ui      up      un
pi        0.52   23.31   75.68    0.49    0.00
y        73.50    0.44   19.85    6.21    0.00
ir        1.70   77.33   19.56    1.40    0.00
rr        1.20   53.23   44.29    1.28    0.00
ygap      0.06    2.16   97.40    0.37    0.00
mp        2.16    1.85    1.86   63.85   30.29
mn       46.43    2.94   19.04    4.65   26.94
vel       0.00    0.00    0.00   94.90    5.10
Period 25:
            ua      uu      ui      up      un
pi        0.52   23.46   75.53    0.49    0.00
y        73.62    0.44   19.76    6.18    0.00
ir        1.70   77.52   19.39    1.39    0.00
rr        1.21   53.51   44.02    1.27    0.00
ygap      0.06    2.17   97.40    0.37    0.00
mp        2.17    1.87    1.86   63.82   30.28
mn       46.57    2.97   18.98    4.64   26.85
vel       0.00    0.00    0.00   94.90    5.10
Period 26:
            ua      uu      ui      up      un
pi        0.52   23.60   75.39    0.49    0.00
y        73.73    0.44   19.67    6.16    0.00
ir        1.70   77.69   19.24    1.37    0.00
rr        1.21   53.76   43.77    1.26    0.00
ygap      0.06    2.17   97.40    0.37    0.00
mp        2.18    1.89    1.86   63.80   30.27
mn       46.69    2.99   18.92    4.62   26.77
vel       0.00    0.00    0.00   94.90    5.10
Period 27:
            ua      uu      ui      up      un
pi        0.52   23.73   75.27    0.48    0.00
y        73.82    0.44   19.60    6.14    0.00
ir        1.69   77.84   19.10    1.36    0.00
rr        1.21   53.99   43.55    1.26    0.00
ygap      0.06    2.17   97.40    0.37    0.00
mp        2.19    1.90    1.86   63.78   30.27
mn       46.79    3.02   18.87    4.61   26.70
vel       0.00    0.00    0.00   94.90    5.10
Period 28:
            ua      uu      ui      up      un
pi        0.52   23.84   75.16    0.48    0.00
y        73.90    0.44   19.54    6.12    0.00
ir        1.69   77.97   18.98    1.36    0.00
rr        1.21   54.20   43.35    1.25    0.00
ygap      0.06    2.17   97.39    0.37    0.00
mp        2.20    1.92    1.86   63.77   30.26
mn       46.89    3.04   18.83    4.60   26.64
vel       0.00    0.00    0.00   94.90    5.10
Period 29:
            ua      uu      ui      up      un
pi        0.52   23.94   75.05    0.48    0.00
y        73.98    0.43   19.49    6.10    0.00
ir        1.69   78.09   18.87    1.35    0.00
rr        1.21   54.39   43.16    1.24    0.00
ygap      0.06    2.17   97.39    0.37    0.00
mp        2.21    1.93    1.86   63.75   30.25
mn       46.97    3.06   18.79    4.59   26.59
vel       0.00    0.00    0.00   94.90    5.10
Period 30:
            ua      uu      ui      up      un
pi        0.52   24.04   74.96    0.48    0.00
y        74.04    0.43   19.44    6.09    0.00
ir        1.68   78.20   18.77    1.34    0.00
rr        1.21   54.55   43.00    1.24    0.00
ygap      0.06    2.17   97.39    0.37    0.00
mp        2.22    1.95    1.86   63.74   30.24
mn       47.04    3.07   18.76    4.58   26.54
vel       0.00    0.00    0.00   94.90    5.10
Period 31:
            ua      uu      ui      up      un
pi        0.52   24.12   74.87    0.48    0.00
y        74.09    0.43   19.40    6.07    0.00
ir        1.68   78.30   18.68    1.33    0.00
rr        1.21   54.71   42.85    1.24    0.00
ygap      0.06    2.17   97.39    0.37    0.00
mp        2.22    1.96    1.85   63.73   30.24
mn       47.10    3.09   18.73    4.58   26.50
vel       0.00    0.00    0.00   94.90    5.10
Period 32:
            ua      uu      ui      up      un
pi        0.52   24.20   74.80    0.48    0.00
y        74.14    0.43   19.36    6.06    0.00
ir        1.68   78.39   18.60    1.33    0.00
rr        1.21   54.84   42.72    1.23    0.00
ygap      0.06    2.17   97.39    0.37    0.00
mp        2.23    1.97    1.85   63.71   30.23
mn       47.16    3.10   18.70    4.57   26.46
vel       0.00    0.00    0.00   94.90    5.10
Period 33:
            ua      uu      ui      up      un
pi        0.52   24.27   74.73    0.48    0.00
y        74.19    0.43   19.33    6.05    0.00
ir        1.68   78.47   18.53    1.32    0.00
rr        1.20   54.97   42.60    1.23    0.00
ygap      0.06    2.17   97.39    0.37    0.00
mp        2.23    1.98    1.85   63.70   30.23
mn       47.21    3.12   18.68    4.56   26.43
vel       0.00    0.00    0.00   94.90    5.10
Period 34:
            ua      uu      ui      up      un
pi        0.52   24.33   74.66    0.48    0.00
y        74.23    0.43   19.30    6.04    0.00
ir        1.67   78.55   18.46    1.32    0.00
rr        1.20   55.08   42.49    1.22    0.00
ygap      0.06    2.17   97.39    0.37    0.00
mp        2.24    1.99    1.85   63.70   30.23
mn       47.25    3.13   18.66    4.56   26.40
vel       0.00    0.00    0.00   94.90    5.10
Period 35:
            ua      uu      ui      up      un
pi        0.52   24.39   74.61    0.48    0.00
y        74.26    0.43   19.28    6.03    0.00
ir        1.67   78.61   18.40    1.31    0.00
rr        1.20   55.18   42.39    1.22    0.00
ygap      0.06    2.18   97.39    0.37    0.00
mp        2.24    2.00    1.85   63.69   30.22
mn       47.29    3.14   18.64    4.55   26.38
vel       0.00    0.00    0.00   94.90    5.10
Period 36:
            ua      uu      ui      up      un
pi        0.52   24.44   74.55    0.48    0.00
y        74.29    0.43   19.25    6.03    0.00
ir        1.67   78.67   18.35    1.31    0.00
rr        1.20   55.28   42.30    1.22    0.00
ygap      0.06    2.18   97.39    0.37    0.00
mp        2.24    2.00    1.85   63.68   30.22
mn       47.32    3.15   18.63    4.55   26.35
vel       0.00    0.00    0.00   94.90    5.10
Period 37:
            ua      uu      ui      up      un
pi        0.52   24.49   74.51    0.48    0.00
y        74.31    0.43   19.23    6.02    0.00
ir        1.67   78.73   18.30    1.31    0.00
rr        1.20   55.36   42.22    1.22    0.00
ygap      0.06    2.18   97.39    0.37    0.00
mp        2.25    2.01    1.85   63.67   30.22
mn       47.35    3.16   18.61    4.55   26.33
vel       0.00    0.00    0.00   94.90    5.10
Period 38:
            ua      uu      ui      up      un
pi        0.52   24.53   74.46    0.48    0.00
y        74.34    0.43   19.22    6.02    0.00
ir        1.67   78.78   18.25    1.30    0.00
rr        1.20   55.44   42.14    1.21    0.00
ygap      0.06    2.18   97.39    0.37    0.00
mp        2.25    2.02    1.85   63.67   30.21
mn       47.37    3.17   18.60    4.54   26.32
vel       0.00    0.00    0.00   94.90    5.10
Period 39:
            ua      uu      ui      up      un
pi        0.52   24.57   74.42    0.48    0.00
y        74.36    0.43   19.20    6.01    0.00
ir        1.66   78.82   18.21    1.30    0.00
rr        1.20   55.51   42.08    1.21    0.00
ygap      0.06    2.18   97.39    0.37    0.00
mp        2.25    2.02    1.85   63.66   30.21
mn       47.40    3.18   18.59    4.54   26.30
vel       0.00    0.00    0.00   94.90    5.10
Period 40:
            ua      uu      ui      up      un
pi        0.52   24.61   74.39    0.48    0.00
y        74.37    0.43   19.19    6.01    0.00
ir        1.66   78.86   18.18    1.30    0.00
rr        1.20   55.57   42.02    1.21    0.00
ygap      0.06    2.18   97.39    0.37    0.00
mp        2.25    2.03    1.85   63.66   30.21
mn       47.41    3.18   18.58    4.54   26.29
vel       0.00    0.00    0.00   94.90    5.10
Period 41:
            ua      uu      ui      up      un
pi        0.52   24.64   74.35    0.48    0.00
y        74.39    0.43   19.18    6.00    0.00
ir        1.66   78.90   18.14    1.30    0.00
rr        1.20   55.63   41.96    1.21    0.00
ygap      0.06    2.18   97.39    0.37    0.00
mp        2.26    2.03    1.85   63.65   30.21
mn       47.43    3.19   18.57    4.54   26.27
vel       0.00    0.00    0.00   94.90    5.10
Period 42:
            ua      uu      ui      up      un
pi        0.52   24.67   74.32    0.48    0.00
y        74.40    0.43   19.17    6.00    0.00
ir        1.66   78.93   18.11    1.29    0.00
rr        1.20   55.68   41.91    1.21    0.00
ygap      0.06    2.18   97.39    0.37    0.00
mp        2.26    2.04    1.85   63.65   30.20
mn       47.45    3.20   18.56    4.53   26.26
vel       0.00    0.00    0.00   94.90    5.10
Period 43:
            ua      uu      ui      up      un
pi        0.52   24.70   74.30    0.48    0.00
y        74.42    0.43   19.16    6.00    0.00
ir        1.66   78.96   18.09    1.29    0.00
rr        1.20   55.73   41.86    1.21    0.00
ygap      0.06    2.18   97.39    0.37    0.00
mp        2.26    2.04    1.85   63.65   30.20
mn       47.46    3.20   18.55    4.53   26.25
vel       0.00    0.00    0.00   94.90    5.10
Period 44:
            ua      uu      ui      up      un
pi        0.52   24.72   74.27    0.48    0.00
y        74.43    0.43   19.15    6.00    0.00
ir        1.66   78.99   18.06    1.29    0.00
rr        1.20   55.77   41.82    1.21    0.00
ygap      0.06    2.18   97.39    0.37    0.00
mp        2.26    2.04    1.85   63.64   30.20
mn       47.47    3.21   18.55    4.53   26.24
vel       0.00    0.00    0.00   94.90    5.10
Period 45:
            ua      uu      ui      up      un
pi        0.52   24.75   74.25    0.48    0.00
y        74.44    0.43   19.14    5.99    0.00
ir        1.66   79.02   18.04    1.29    0.00
rr        1.20   55.81   41.79    1.20    0.00
ygap      0.06    2.18   97.39    0.37    0.00
mp        2.26    2.05    1.85   63.64   30.20
mn       47.48    3.21   18.54    4.53   26.24
vel       0.00    0.00    0.00   94.90    5.10
Period 46:
            ua      uu      ui      up      un
pi        0.52   24.77   74.23    0.48    0.00
y        74.45    0.43   19.14    5.99    0.00
ir        1.65   79.04   18.02    1.29    0.00
rr        1.20   55.85   41.75    1.20    0.00
ygap      0.06    2.18   97.39    0.37    0.00
mp        2.26    2.05    1.85   63.64   30.20
mn       47.49    3.21   18.54    4.53   26.23
vel       0.00    0.00    0.00   94.90    5.10
Period 47:
            ua      uu      ui      up      un
pi        0.52   24.79   74.21    0.48    0.00
y        74.45    0.43   19.13    5.99    0.00
ir        1.65   79.06   18.00    1.29    0.00
rr        1.20   55.88   41.72    1.20    0.00
ygap      0.06    2.18   97.39    0.37    0.00
mp        2.26    2.05    1.85   63.64   30.20
mn       47.50    3.22   18.53    4.53   26.22
vel       0.00    0.00    0.00   94.90    5.10
Period 48:
            ua      uu      ui      up      un
pi        0.52   24.80   74.19    0.48    0.00
y        74.46    0.43   19.13    5.99    0.00
ir        1.65   79.08   17.98    1.28    0.00
rr        1.20   55.91   41.69    1.20    0.00
ygap      0.06    2.18   97.38    0.37    0.00
mp        2.26    2.05    1.85   63.63   30.20
mn       47.50    3.22   18.53    4.53   26.22
vel       0.00    0.00    0.00   94.90    5.10
Period 49:
            ua      uu      ui      up      un
pi        0.52   24.82   74.18    0.48    0.00
y        74.46    0.43   19.12    5.99    0.00
ir        1.65   79.10   17.97    1.28    0.00
rr        1.20   55.94   41.67    1.20    0.00
ygap      0.06    2.18   97.38    0.37    0.00
mp        2.26    2.06    1.85   63.63   30.20
mn       47.51    3.22   18.53    4.53   26.21
vel       0.00    0.00    0.00   94.90    5.10
Period 50:
            ua      uu      ui      up      un
pi        0.52   24.83   74.16    0.48    0.00
y        74.47    0.43   19.12    5.99    0.00
ir        1.65   79.11   17.95    1.28    0.00
rr        1.20   55.96   41.64    1.20    0.00
ygap      0.06    2.18   97.38    0.37    0.00
mp        2.26    2.06    1.85   63.63   30.19
mn       47.51    3.23   18.52    4.53   26.21
vel       0.00    0.00    0.00   94.90    5.10
Period 51:
            ua      uu      ui      up      un
pi        0.52   24.85   74.15    0.48    0.00
y        74.47    0.43   19.11    5.98    0.00
ir        1.65   79.13   17.94    1.28    0.00
rr        1.20   55.98   41.62    1.20    0.00
ygap      0.06    2.18   97.38    0.37    0.00
mp        2.27    2.06    1.85   63.63   30.19
mn       47.52    3.23   18.52    4.52   26.21
vel       0.00    0.00    0.00   94.90    5.10
Period 52:
            ua      uu      ui      up      un
pi        0.52   24.86   74.14    0.48    0.00
y        74.48    0.43   19.11    5.98    0.00
ir        1.65   79.14   17.93    1.28    0.00
rr        1.20   56.00   41.60    1.20    0.00
ygap      0.06    2.18   97.38    0.37    0.00
mp        2.27    2.06    1.85   63.63   30.19
mn       47.52    3.23   18.52    4.52   26.20
vel       0.00    0.00    0.00   94.90    5.10
Period 53:
            ua      uu      ui      up      un
pi        0.52   24.87   74.13    0.48    0.00
y        74.48    0.43   19.11    5.98    0.00
ir        1.65   79.15   17.92    1.28    0.00
rr        1.20   56.02   41.58    1.20    0.00
ygap      0.06    2.18   97.38    0.37    0.00
mp        2.27    2.06    1.85   63.63   30.19
mn       47.53    3.24   18.52    4.52   26.20
vel       0.00    0.00    0.00   94.90    5.10
Period 54:
            ua      uu      ui      up      un
pi        0.52   24.88   74.12    0.48    0.00
y        74.49    0.43   19.11    5.98    0.00
ir        1.65   79.16   17.91    1.28    0.00
rr        1.20   56.04   41.57    1.20    0.00
ygap      0.06    2.18   97.38    0.37    0.00
mp        2.27    2.06    1.85   63.63   30.19
mn       47.53    3.24   18.51    4.52   26.20
vel       0.00    0.00    0.00   94.90    5.10
Period 55:
            ua      uu      ui      up      un
pi        0.52   24.89   74.11    0.48    0.00
y        74.49    0.43   19.10    5.98    0.00
ir        1.65   79.17   17.90    1.28    0.00
rr        1.20   56.05   41.55    1.20    0.00
ygap      0.06    2.18   97.38    0.37    0.00
mp        2.27    2.07    1.85   63.62   30.19
mn       47.53    3.24   18.51    4.52   26.19
vel       0.00    0.00    0.00   94.90    5.10
Period 56:
            ua      uu      ui      up      un
pi        0.52   24.89   74.10    0.48    0.00
y        74.49    0.43   19.10    5.98    0.00
ir        1.65   79.18   17.89    1.28    0.00
rr        1.20   56.07   41.54    1.20    0.00
ygap      0.06    2.18   97.38    0.37    0.00
mp        2.27    2.07    1.85   63.62   30.19
mn       47.53    3.24   18.51    4.52   26.19
vel       0.00    0.00    0.00   94.90    5.10
Period 57:
            ua      uu      ui      up      un
pi        0.52   24.90   74.10    0.48    0.00
y        74.49    0.43   19.10    5.98    0.00
ir        1.65   79.19   17.89    1.28    0.00
rr        1.20   56.08   41.53    1.20    0.00
ygap      0.06    2.18   97.38    0.37    0.00
mp        2.27    2.07    1.85   63.62   30.19
mn       47.54    3.24   18.51    4.52   26.19
vel       0.00    0.00    0.00   94.90    5.10
Period 58:
            ua      uu      ui      up      un
pi        0.52   24.91   74.09    0.48    0.00
y        74.49    0.43   19.10    5.98    0.00
ir        1.65   79.20   17.88    1.28    0.00
rr        1.20   56.09   41.52    1.20    0.00
ygap      0.06    2.18   97.38    0.37    0.00
mp        2.27    2.07    1.85   63.62   30.19
mn       47.54    3.24   18.51    4.52   26.19
vel       0.00    0.00    0.00   94.90    5.10
Period 59:
            ua      uu      ui      up      un
pi        0.52   24.91   74.08    0.48    0.00
y        74.50    0.43   19.10    5.98    0.00
ir        1.65   79.20   17.87    1.28    0.00
rr        1.20   56.10   41.51    1.20    0.00
ygap      0.06    2.18   97.38    0.37    0.00
mp        2.27    2.07    1.85   63.62   30.19
mn       47.54    3.25   18.51    4.52   26.19
vel       0.00    0.00    0.00   94.90    5.10
Period 60:
            ua      uu      ui      up      un
pi        0.52   24.92   74.08    0.48    0.00
y        74.50    0.43   19.10    5.98    0.00
ir        1.65   79.21   17.87    1.28    0.00
rr        1.20   56.11   41.50    1.20    0.00
ygap      0.06    2.18   97.38    0.37    0.00
mp        2.27    2.07    1.85   63.62   30.19
mn       47.54    3.25   18.51    4.52   26.19
vel       0.00    0.00    0.00   94.90    5.10



MATRIX OF CORRELATIONS
Variables        pi       y      ir      rr    ygap      mp      mn     vel
pi           1.0000  0.3236  0.0833 -0.1820  0.9088  0.0132  0.2287 -0.0626
y            0.3236  1.0000 -0.2907 -0.3766  0.4147 -0.3796  0.8313  0.2377
ir           0.0833 -0.2907  1.0000  0.9646 -0.3384  0.2938 -0.4496 -0.1085
rr          -0.1820 -0.3766  0.9646  1.0000 -0.5734  0.2971 -0.5073 -0.1039
ygap         0.9088  0.4147 -0.3384 -0.5734  1.0000 -0.0803  0.3942 -0.0505
mp           0.0132 -0.3796  0.2938  0.2971 -0.0803  1.0000 -0.6383 -0.9011
mn           0.2287  0.8313 -0.4496 -0.5073  0.3942 -0.6383  1.0000  0.3221
vel         -0.0626  0.2377 -0.1085 -0.1039 -0.0505 -0.9011  0.3221  1.0000



COEFFICIENTS OF AUTOCORRELATION
Order         1       2       3       4       5
pi       0.4590  0.2744  0.2154  0.1932  0.1811
y        0.8154  0.7168  0.6552  0.6076  0.5664
ir       0.8649  0.7821  0.7316  0.6931  0.6593
rr       0.7193  0.5901  0.5328  0.4993  0.4734
ygap     0.3329  0.0967  0.0280  0.0095  0.0046
mp       0.7898  0.6272  0.5010  0.4022  0.3244
mn       0.7989  0.6814  0.6046  0.5456  0.4960
vel      0.7691  0.5917  0.4555  0.3507  0.2702
Total computing time : 0h00m01s
